#{"t_start": 1715275577.1530318, "env_id": "PandaPush-v3"}
r,l,t
-6.62323,50,0.92773
-15.018002,50,3.728245
-4.939714,50,11.949425
-4.909842,50,20.223931
-15.296786,50,28.647838
-13.918187,50,36.96411
-14.717067,50,45.359037
-7.20597,50,53.551302
-16.894225,50,61.747296
-6.294169,50,70.096004
-0.017212,1,70.26196
-6.287514,50,78.496106
-8.35442,50,86.670919
-6.763365,50,94.911213
-13.244327,50,103.109746
-9.351636,50,111.314195
-11.513907,50,119.521528
-4.034458,50,127.753471
-4.722511,50,135.993309
-5.090441,50,144.258081
-8.49514,50,152.631001
-6.068425,50,160.995555
-4.490433,50,169.192188
-10.768667,50,177.383116
-5.137055,50,185.627468
-9.150737,50,193.936248
-6.98941,50,202.15814
-10.279473,50,210.363171
-6.558613,50,218.590628
-13.038717,50,226.860292
-2.955066,50,235.126098
-5.812608,50,243.452761
-8.846746,50,251.759381
-13.399594,50,260.012109
-11.948966,50,268.30192
-10.382096,50,276.557327
-10.590708,50,284.773342
-5.03623,50,292.982162
-3.834621,50,301.244293
-0.026621,1,301.40747
-8.796365,50,309.654206
-3.416674,50,317.915836
-11.034309,50,326.190165
-9.28434,50,334.496095
-10.708804,50,342.932638
-10.893544,50,353.056807
-14.047513,50,361.430789
-6.636623,50,369.485595
-0.021171,1,369.643985
-12.935544,50,377.65249
-3.803097,50,385.669946
-2.590255,50,393.676455
-3.300593,50,401.683138
-3.678775,50,410.152441
-6.643973,50,418.339982
-11.357768,50,426.844448
-6.380813,50,435.178943
-13.729858,50,443.671696
-11.113156,50,451.887313
-7.81727,50,460.12848
-9.958639,50,468.341972
-3.878247,50,476.540527
-8.456249,50,484.96772
-4.375521,50,493.227053
-4.313518,50,501.459676
-9.880438,50,509.765344
-30.11968,50,517.995926
-7.006987,50,526.247172
-4.131634,50,534.465897
-2.635964,50,542.716943
-13.289309,50,550.938473
-0.019105,1,551.09588
-12.166214,50,559.374985
-9.744395,50,567.598342
-8.439181,50,575.82331
-6.018385,50,584.070007
-10.323311,50,592.342955
-13.825118,50,600.618761
-23.055153,50,608.926793
-9.795608,50,617.125864
-8.972994,50,625.321758
-9.745099,50,633.60171
-1.669452,12,635.575631
-12.62156,50,643.777353
-3.117335,50,652.02397
-12.60684,50,660.254801
-10.143805,50,668.54249
-15.728096,50,676.81732
-0.040477,1,676.986757
-14.127906,50,685.167167
-0.039052,1,685.325304
-16.447886,50,693.578013
-11.446592,50,701.860715
-2.598783,50,710.236544
-3.948872,50,718.522522
-4.650636,50,726.758689
-5.041446,50,735.016137
-5.256393,50,743.439642
-2.758022,50,751.597501
-12.969765,50,759.72156
-5.970318,50,767.721808
-7.96151,50,775.738977
-11.717307,50,783.768019
-10.71898,50,791.83713
-7.850404,50,800.073155
-19.27436,50,808.27339
-16.115796,50,816.49981
-10.350746,50,825.035622
-0.04092,1,825.217164
-13.047672,50,833.459712
-25.487135,50,841.888631
-6.524092,50,851.040599
-8.287976,50,861.158965
-8.771972,50,870.496748
-13.776945,50,879.491505
-11.743194,50,888.605195
-5.18075,50,897.594202
-6.059209,50,906.655691
-3.641202,50,915.700551
-0.029073,1,915.887727
-4.037704,50,924.9367
-9.932532,50,933.869245
-8.373118,50,942.902547
-7.797838,50,952.01498
-8.547215,50,960.992586
-7.149952,50,970.054945
-7.668752,50,979.003434
-10.529036,50,988.058003
-9.480067,50,997.122529
-13.122043,50,1006.171441
-10.596038,50,1015.192022
-10.607511,50,1024.176538
-5.240743,50,1033.244474
-6.422699,50,1042.22307
-15.088335,50,1051.273655
-7.999281,50,1060.30129
-13.81054,50,1069.349162
-7.876369,50,1078.379698
-15.283399,50,1087.409965
-15.551403,50,1096.549211
-4.165113,50,1105.676166
-6.549027,50,1114.739134
-7.989691,50,1123.789223
-10.337708,50,1132.845171
-14.391835,50,1141.884591
-13.870869,50,1150.972611
-3.100125,50,1160.018918
-9.40281,50,1169.037676
-9.893064,50,1177.364243
-12.532114,50,1185.944553
-10.100731,50,1194.248166
-10.180193,50,1202.490679
-10.253943,50,1210.708383
-12.334529,50,1219.064336
-13.5494,50,1227.482132
-10.014398,50,1235.878267
-5.196691,50,1244.230219
-13.32918,50,1252.617429
-8.387759,50,1261.276025
-8.418807,50,1270.090313
-5.997384,50,1279.115005
-10.591529,50,1288.136414
-6.871406,50,1297.210864
-13.687944,50,1306.296927
-5.089518,50,1315.373171
-9.300316,50,1324.425582
-5.076195,50,1333.522519
-9.799148,50,1342.605487
-15.200055,50,1351.702035
-4.719158,50,1360.781115
-8.17846,50,1369.849111
-0.013714,1,1370.029738
-12.870412,50,1379.057043
-6.307698,50,1388.119399
-12.271691,50,1397.213321
-5.276765,50,1406.35887
-8.172219,50,1415.389876
-3.696181,50,1424.468243
-6.343329,50,1433.478414
-11.892604,50,1442.522502
-6.516357,50,1451.553028
-3.473917,50,1460.565354
-14.158513,50,1469.640691
-3.199114,50,1478.631077
-12.104184,50,1487.635205
-9.200742,50,1496.724241
-13.759048,50,1505.723849
-3.360239,50,1514.700927
-9.218217,50,1523.707921
-0.016064,1,1523.894216
-14.466126,50,1532.977558
-0.027453,1,1533.150278
-12.180561,50,1542.186329
-0.016502,1,1542.367264
-2.686053,50,1551.416388
-11.080635,50,1560.524588
-5.735612,50,1569.506121
-7.259082,50,1578.577303
-9.130361,50,1587.641582
-5.48178,50,1596.673385
-5.482647,50,1605.735017
-4.41859,50,1614.786801
-2.877471,50,1623.821859
-16.271296,50,1632.794827
-7.796027,50,1641.853754
-0.049128,1,1642.029978
-8.849,50,1651.050183
-7.587337,50,1660.092651
-4.604639,50,1669.107441
-9.321494,50,1678.135048
-5.253154,50,1687.131681
-13.513349,50,1696.194696
-11.083446,50,1705.140334
-5.252523,50,1714.21299
-12.476122,50,1722.918351
-4.4406,50,1731.212312
-0.041989,1,1731.372398
-8.047991,50,1739.629829
-11.797694,50,1747.873178
-5.025744,50,1756.149908
-5.342094,50,1764.46232
-11.922144,50,1772.981271
-12.730415,50,1781.804026
-8.299665,50,1790.759351
-10.664692,50,1799.730886
-6.399441,50,1808.728647
-8.442088,50,1817.740968
-5.751534,50,1826.815991
-4.012382,50,1835.814683
-11.535557,50,1844.769705
-2.979504,50,1853.857057
-4.82724,50,1862.822924
-4.38254,50,1871.718076
-5.670768,50,1880.668211
-9.060369,50,1889.659518
-6.38054,50,1898.715222
-4.759154,50,1907.686308
-8.502251,50,1916.596434
-9.067202,50,1925.607099
-0.030065,1,1925.791503
-10.481271,50,1934.766435
-6.591238,50,1943.675718
-4.139425,50,1952.610822
-7.834112,50,1961.575707
-8.262752,50,1970.506836
-7.558359,50,1979.401766
-9.935482,50,1988.426403
-0.04265,1,1988.605524
-5.540648,50,1997.588408
-4.645981,50,2006.473973
-4.811073,50,2015.475329
-9.258222,50,2024.454972
-0.032147,1,2024.627278
-6.179156,50,2033.619812
-7.095119,50,2042.576337
-7.343408,50,2051.572746
-0.043852,1,2051.75966
-11.082842,50,2060.775632
-5.21404,50,2069.858676
-7.209873,50,2078.555236
-12.993047,50,2087.119041
-11.660786,50,2095.873061
-9.688991,50,2104.567576
-10.416191,50,2113.252287
-9.837462,50,2121.935319
-9.844704,50,2130.627757
-12.791808,50,2139.35402
-10.222733,50,2148.041965
-2.815073,50,2156.666927
-16.478946,50,2165.353396
-4.158816,50,2174.176043
-14.920608,50,2182.844468
-19.351682,50,2191.479033
-9.072667,50,2200.171161
-12.314395,50,2208.86518
-9.315701,50,2217.485852
-0.03075,1,2217.658703
-8.639549,50,2226.383372
-4.350629,50,2235.071887
-7.112143,50,2243.742744
-12.327199,50,2252.458987
-3.164587,50,2261.108188
-34.511777,50,2269.752412
-3.210711,50,2278.422711
-6.29726,50,2286.947818
-4.434061,50,2295.544134
-7.478562,50,2304.173718
-13.327355,50,2313.302441
-10.144449,50,2321.856675
-6.510209,50,2330.429154
-5.658782,50,2338.965359
-5.071872,50,2347.451946
-10.486096,50,2356.040857
-6.592225,50,2364.562616
-11.664608,50,2373.092016
-11.002798,50,2381.631994
-7.624017,50,2390.207722
-8.881169,50,2398.850538
-11.502051,50,2407.391448
-12.844697,50,2415.981315
-7.462558,50,2424.55929
-0.021158,1,2424.731779
-7.072438,50,2433.289955
-7.77415,50,2441.846491
-8.930738,50,2450.376989
-5.18246,50,2459.074424
-5.036245,50,2467.663906
-3.740719,50,2476.260748
-6.500678,50,2484.867879
-4.175741,50,2493.432883
-6.876796,50,2502.057138
-5.665655,50,2510.667358
-7.863004,50,2519.251263
-7.958794,50,2527.78144
-11.026534,50,2536.364093
-14.94622,50,2544.968706
-13.420637,50,2553.592778
-0.049673,1,2553.773178
-14.116868,50,2562.419819
-11.918651,50,2571.0176
-8.113314,50,2579.595589
-4.112774,50,2587.904929
-0.038197,1,2588.067982
-4.779074,50,2596.331128
-0.025702,1,2596.493217
-1.043313,14,2598.820122
-14.680945,50,2607.097978
-3.949084,50,2615.400811
-7.228348,50,2623.763799
-5.715462,50,2632.094241
-6.033572,50,2640.47297
-7.85721,50,2648.886382
-11.89119,50,2657.268494
-12.415606,50,2665.67355
-23.181316,50,2674.10767
-10.569555,50,2682.445468
-9.73719,50,2690.861281
-5.549807,50,2699.204709
-2.63176,50,2707.565414
-13.388428,50,2715.948704
-0.033618,1,2716.112968
-10.87712,50,2724.508788
-11.005029,50,2732.891915
-6.121535,50,2741.216662
-4.681437,50,2749.606231
-6.061359,50,2758.004668
-4.84005,50,2766.363316
-7.805736,50,2774.716268
-4.480291,50,2783.122481
-4.432226,50,2791.53299
-6.620094,50,2799.947482
-12.294011,50,2808.326567
-10.281381,50,2816.692961
-6.849694,50,2825.05601
-8.726157,50,2833.396698
-11.715959,50,2841.818261
-11.045468,50,2850.267927
-0.729145,9,2851.75292
-5.102884,50,2860.071104
-8.930861,50,2868.449147
-6.17038,50,2876.796162
-5.933871,50,2885.152386
-7.908251,50,2893.541449
-8.244309,50,2901.990741
-4.86426,50,2910.41529
-10.938238,50,2918.810188
-9.924922,50,2927.21264
-7.05549,50,2935.640568
-11.223816,50,2944.056519
-18.568442,50,2952.4313
-8.236744,50,2960.871956
-10.506982,50,2969.259737
-0.03146,1,2969.426375
-11.100308,50,2977.80447
-3.364289,50,2986.19545
-4.714477,50,2994.523827
-10.226665,50,3002.906598
-7.766944,50,3011.28715
-9.31999,50,3019.667478
-1.592089,13,3021.863721
-3.907138,50,3030.317711
-8.861473,50,3038.727674
-9.101734,50,3047.063955
-13.04529,50,3055.411158
-0.040634,1,3055.579566
-10.151571,50,3063.97905
-9.501584,50,3072.309305
-0.026942,1,3072.470737
-7.725273,50,3080.832191
-8.343546,50,3089.231676
-17.024518,50,3097.629488
-0.038033,1,3097.797052
-6.213565,50,3106.217239
-0.015287,1,3106.378923
-7.68192,50,3114.804568
-5.305818,50,3123.194901
-7.526868,50,3131.566601
-8.569555,50,3139.951495
-14.475426,50,3148.357881
-6.507406,50,3156.767226
-11.339201,50,3165.117379
-7.840474,50,3173.502183
-0.035717,1,3173.666087
-14.098671,50,3182.011219
-2.207241,15,3184.507802
-6.470277,50,3192.876503
-5.052394,50,3201.24728
-10.794739,50,3209.721381
-8.650946,50,3218.149893
-8.00997,50,3226.491797
-0.029601,1,3226.663971
-8.089565,50,3234.975699
-0.04647,1,3235.13868
-12.814865,50,3243.573454
-13.950828,50,3251.934535
-4.337082,50,3260.305006
-11.650407,50,3268.670206
-6.036411,50,3277.046787
-12.278531,50,3285.484835
-0.651239,10,3287.176755
-11.440107,50,3295.527522
-11.871934,50,3303.903412
-8.271057,50,3312.215911
-0.045257,1,3312.378853
-7.391426,50,3320.708362
-17.037401,50,3329.102449
-6.790157,50,3337.480311
-11.066134,50,3345.811218
-6.792789,50,3354.204328
-6.907485,50,3362.533903
-8.444341,50,3370.882341
-8.283726,50,3379.225048
-10.352188,50,3387.810659
-5.884288,50,3396.09607
-6.249456,50,3404.484457
-6.568594,50,3412.855293
-3.762322,50,3421.224045
-5.82446,50,3429.553365
-7.053313,50,3437.918118
-13.075801,50,3446.262377
-10.673806,50,3454.66084
-3.88314,50,3463.040349
-6.99366,50,3471.414636
-4.360088,50,3479.758413
-9.453643,50,3488.188096
-8.817652,50,3496.557828
-2.629311,50,3504.917842
-7.416552,50,3513.244545
-1.053307,13,3515.403358
-12.555109,50,3523.792618
-6.569126,50,3532.119547
-6.708877,50,3540.515098
-11.447266,50,3548.978909
-11.614711,50,3557.390589
-11.447431,50,3565.742901
-13.061729,50,3574.187036
-10.464539,50,3582.600251
-13.940068,50,3590.973362
-12.090593,50,3599.338933
-4.970804,50,3607.721053
-14.884898,50,3616.062615
-5.925113,50,3624.406003
-9.537992,50,3632.798968
-14.868479,50,3641.166368
-4.632552,50,3649.518009
-1.404754,21,3653.056832
-11.411137,50,3661.409413
-13.324547,50,3669.785859
-6.947548,50,3678.106018
-0.038273,1,3678.280308
-11.075026,50,3686.641117
-7.629331,50,3694.993871
-0.034576,1,3695.163142
-10.670649,50,3703.509052
-0.042689,1,3703.674097
-8.203121,50,3711.989674
-7.075974,50,3720.323414
-13.546418,50,3728.67549
-9.625768,50,3737.033453
-6.189417,50,3745.427941
-2.96196,50,3753.873527
-13.536118,50,3762.260115
-5.935716,50,3770.589108
-12.163044,50,3778.937635
-0.028175,1,3779.103259
-8.014685,50,3787.450379
-7.977918,50,3795.828766
-9.650458,50,3804.151682
-2.949134,18,3807.143451
-4.248489,50,3815.501799
-6.203958,50,3823.932393
-9.24561,50,3832.285708
-6.031724,50,3840.649948
-6.906822,50,3849.058787
-5.510463,50,3857.446384
-12.43865,50,3865.804317
-12.350294,50,3874.059598
-9.20109,50,3882.439606
-11.45796,50,3890.781236
-0.035579,1,3890.955568
-1.799127,11,3892.786778
-6.937341,50,3901.112085
-9.737113,50,3909.428448
-10.086001,50,3917.780544
-8.515,50,3926.281824
-3.064289,50,3934.678987
-10.622901,50,3943.08484
-6.563404,50,3951.460893
-10.169836,50,3959.818378
-11.278779,50,3968.400161
-1.073303,12,3970.466107
-4.934962,50,3979.153266
-2.748476,50,3987.72924
-12.97683,50,3996.313818
-8.873154,50,4004.891425
-7.08898,50,4013.423502
-0.046208,1,4013.593384
-10.793464,50,4022.183396
-12.411797,50,4030.763725
-5.640438,50,4039.272561
-6.087759,50,4047.824323
-11.022176,50,4056.613883
-13.607625,50,4065.268902
-1.662892,15,4067.813821
-3.783028,50,4076.459747
-7.703835,50,4085.044984
-3.052668,50,4093.668102
-4.154743,50,4102.336989
-6.985011,50,4111.205364
-2.955432,50,4119.782772
-0.045703,1,4119.962836
-6.454795,50,4128.485681
-3.84959,50,4137.029583
-5.247615,50,4145.575641
-9.776204,50,4154.138
-5.953106,50,4162.761266
-11.076314,50,4171.360562
-5.594929,50,4179.961399
-5.968243,50,4188.558621
-4.269972,50,4197.132774
-5.253134,50,4205.720641
-3.989253,50,4214.26654
-18.599638,50,4222.908925
-12.372847,50,4231.614025
-13.669795,50,4240.153679
-3.928436,50,4248.733502
-0.870184,10,4250.453301
-0.04895,1,4250.620552
-1.043042,8,4251.985474
-11.059843,50,4260.570275
-8.444727,50,4269.117319
-10.86624,50,4277.701939
-13.721402,50,4286.26303
-5.50514,50,4294.803576
-7.259416,50,4303.431483
-0.023801,1,4303.609077
-12.636234,50,4312.200005
-0.479532,7,4313.379513
-11.311368,50,4321.921869
-7.258361,50,4330.508054
-4.629682,50,4339.050289
-1.204949,11,4340.955416
-6.479448,50,4349.540335
-0.482506,7,4350.770303
-3.794028,50,4359.288179
-9.30081,50,4367.821207
-7.582607,50,4376.414102
-15.476697,50,4385.05075
-12.774802,50,4393.577296
-13.600448,50,4402.154962
-8.85651,50,4410.869042
-10.5743,50,4419.181744
-20.566638,50,4427.466312
-9.546606,50,4435.783814
-14.099994,50,4444.111516
-17.093978,50,4452.460438
-7.56866,50,4460.797707
-4.015861,50,4469.127263
-5.070354,50,4477.511749
-11.260969,50,4485.839424
-5.607532,50,4494.198623
-7.218568,50,4502.522079
-10.920344,50,4510.894156
-7.505289,50,4519.23083
-1.630262,14,4521.553904
-5.095352,50,4529.901905
-3.513808,28,4534.568722
-8.805506,50,4542.923269
-6.558807,50,4551.24447
-12.319648,50,4559.78991
-0.041024,1,4559.963069
-9.764505,50,4568.317337
-12.215496,50,4576.677354
-0.020884,1,4576.844641
-0.046223,1,4577.015355
-9.104134,50,4585.390173
-3.014561,25,4589.583354
-4.060557,50,4597.972099
-10.763547,50,4606.305949
-7.774591,50,4614.651263
-9.759339,50,4623.032308
-1.977996,18,4626.057226
-15.92234,50,4634.442945
-12.403405,50,4642.81081
-3.610955,50,4651.154756
-10.221875,50,4659.518858
-6.0039,50,4667.867951
-7.748695,50,4676.226668
-3.05398,50,4684.510945
-7.055581,50,4692.839209
-10.174719,50,4701.144681
-7.407536,50,4709.596929
-0.025448,1,4709.76473
-4.969768,50,4718.108901
-11.24381,50,4726.419
-8.633081,50,4734.79986
-6.500425,50,4743.287192
-10.946667,50,4751.612468
-3.315212,18,4754.61001
-11.156567,50,4762.937605
-3.260977,50,4771.320021
-3.606413,50,4779.658911
-3.618681,50,4787.974105
-5.152888,50,4796.325147
-14.815251,50,4804.686328
-7.015175,50,4813.015636
-0.029718,1,4813.179482
-0.027656,1,4813.347307
-6.33257,50,4821.670041
-0.040838,1,4821.836392
-8.396716,50,4830.22334
-0.489137,9,4831.729361
-0.986077,8,4833.051129
-0.031779,1,4833.221655
-10.744665,50,4841.550121
-8.451309,50,4849.804664
-8.581049,50,4858.146908
-10.581181,50,4866.435942
-9.849273,50,4874.778375
-3.317508,50,4883.084717
-8.686174,50,4891.438389
-2.463487,15,4893.955744
-9.355986,50,4902.277064
-0.021823,1,4902.440689
-12.424545,50,4910.719413
-6.367387,50,4919.050476
-4.838075,50,4927.373708
-8.556998,50,4935.807414
-10.298173,50,4944.091822
-6.100403,50,4952.414816
-0.032027,1,4952.582031
-6.078882,50,4960.944588
-13.653809,50,4969.219384
-9.672864,50,4977.560701
-8.827446,50,4985.942465
-12.010207,50,4994.269465
-8.380855,50,5002.605226
-6.631348,50,5010.922587
-6.272684,50,5019.246175
-0.038204,1,5019.413403
-7.555776,50,5027.785047
-10.076775,50,5036.152602
-8.92322,50,5044.552615
-8.335037,50,5052.883709
-5.016869,50,5061.225008
-12.193743,50,5069.592115
-6.58704,50,5077.932287
-8.165718,50,5086.33278
-3.630726,50,5094.671299
-2.721345,50,5103.002012
-4.452269,50,5111.299384
-1.433271,11,5113.139894
-4.342282,50,5121.630885
-0.022724,1,5121.799655
-10.124123,50,5130.162664
-4.055408,33,5135.64466
-9.672575,50,5143.997873
-3.000984,50,5152.328453
-4.55224,50,5160.661602
-13.053328,50,5168.949113
-11.241213,50,5177.318873
-0.032895,1,5177.492716
-12.810646,50,5185.835602
-0.92274,9,5187.349092
-12.490704,50,5195.687459
-0.020432,1,5195.862626
-3.5427,50,5204.204811
-0.031259,1,5204.373013
-7.758338,50,5212.732996
-3.609538,50,5221.108337
-7.293903,50,5229.49822
-7.920722,50,5237.823232
-10.432783,50,5246.152897
-1.364729,11,5247.954435
-0.040533,1,5248.127802
-0.030907,1,5248.290759
-4.550689,50,5256.675212
-5.442087,50,5265.027914
-5.627944,50,5273.366386
-1.636025,11,5275.222544
-3.660374,50,5283.562647
-10.199436,50,5291.888957
-3.030091,50,5300.308453
-0.04511,1,5300.467259
-1.897011,35,5306.291459
-8.344569,50,5314.845267
-0.032426,1,5315.003284
-5.822556,50,5323.450567
-8.238492,50,5331.730045
-11.073061,50,5340.070809
-9.066265,50,5348.402225
-3.223341,50,5356.790634
-12.530062,50,5365.20259
-5.603915,50,5373.577982
-0.519109,6,5374.577888
-5.646489,50,5382.952262
-14.370645,50,5391.284342
-1.130538,10,5392.917549
-9.037571,50,5401.233187
-4.578535,50,5409.51246
-6.27039,50,5417.860273
-10.374483,50,5426.871936
-7.187768,50,5435.645313
-9.769577,50,5444.23841
-6.287622,50,5452.568415
-8.861391,50,5460.963463
-6.993526,50,5469.320054
-8.623782,50,5477.658747
-11.526224,50,5486.014449
-4.575602,50,5494.361417
-6.128151,50,5502.730572
-4.3102,50,5511.264096
-6.944551,50,5519.619392
-0.012353,1,5519.78859
-12.206918,50,5528.145861
-4.050516,50,5536.506277
-2.779958,20,5539.832504
-0.040053,1,5540.001819
-0.499951,6,5541.016237
-0.319437,6,5542.027987
-1.057968,11,5543.839878
-6.344378,50,5552.109736
-3.731023,50,5560.432106
-7.690194,50,5568.743139
-14.506003,50,5577.08246
-6.514767,50,5585.428127
-8.90714,50,5593.750813
-3.906794,50,5602.161745
-10.873876,50,5610.47085
-6.136627,50,5618.791349
-9.898958,50,5627.151825
-7.106793,50,5635.46156
-10.423874,50,5643.793888
-0.025009,1,5643.961507
-36.300225,50,5652.339308
-1.522087,12,5654.331652
-6.286185,50,5662.663135
-1.694561,15,5665.151333
-0.297056,5,5665.975033
-5.042048,50,5674.289169
-13.566861,50,5682.64297
-5.482634,50,5691.487641
-1.01737,9,5693.017876
-3.097105,50,5701.569211
-11.214375,50,5710.034293
-14.069107,50,5718.509487
-12.07141,50,5727.015053
-0.263865,5,5727.865174
-0.042575,1,5728.035682
-5.311587,50,5736.482442
-7.275708,50,5744.97182
-5.560763,50,5753.433351
-6.897701,50,5761.848502
-4.408342,50,5770.517488
-7.038604,50,5779.068394
-1.553819,11,5780.908987
-4.843821,50,5789.664577
-0.543526,7,5790.843151
-7.204839,50,5799.381833
-3.45243,50,5807.891578
-11.703638,50,5816.343469
-18.276635,50,5824.811769
-1.058179,8,5826.171062
-10.262549,50,5834.68428
-8.943392,50,5843.18081
-12.801613,50,5851.656703
-9.075166,50,5860.118094
-10.054419,50,5868.5361
-6.09307,50,5876.981356
-0.534319,6,5877.97634
-8.72056,50,5886.448699
-6.933327,50,5894.926895
-10.852896,50,5903.482093
-12.917448,50,5911.954749
-0.002027,1,5912.12434
-1.548914,10,5913.818137
-6.128999,50,5922.321661
-0.683613,6,5923.338464
-9.568023,50,5931.882159
-1.292753,12,5933.897611
-6.331619,50,5942.36009
-6.038586,50,5950.824171
-6.316948,50,5959.527116
-10.196895,50,5968.499517
-12.167306,50,5977.110909
-0.322621,5,5978.125237
-6.256488,50,5986.817361
-11.19929,50,5995.671474
-6.407777,36,6001.989888
-0.037106,1,6002.156249
-4.689307,50,6010.593657
-1.402749,18,6013.891841
-2.681196,17,6016.962813
-6.206812,50,6025.898529
-6.869453,50,6035.241951
-8.696636,50,6043.934293
-5.054718,50,6052.445935
-0.037205,1,6052.614983
-0.54871,6,6053.635941
-3.812378,50,6062.545221
-8.346214,50,6071.059465
-6.392713,50,6079.540358
-6.971346,50,6088.056598
-6.916256,50,6096.629835
-10.127099,50,6105.130999
-9.952192,50,6113.570951
-9.596649,50,6122.05961
-11.648004,50,6130.527579
-4.563159,50,6139.058998
-3.147896,50,6147.602507
-8.787901,50,6156.201236
-13.671983,50,6164.722328
-19.359213,50,6173.177668
-26.532132,50,6181.638808
-4.571452,50,6190.095364
-9.079396,50,6198.554172
-0.532569,8,6199.894348
-8.274172,50,6208.380909
-2.265045,13,6210.628608
-7.767692,50,6219.161329
-11.259473,50,6227.605989
-10.781646,50,6236.089764
-7.548971,50,6244.607794
-0.035585,1,6244.776416
-15.38645,50,6253.246369
-0.007847,1,6253.416919
-7.512483,50,6262.031938
-5.486836,50,6270.484789
-1.16965,10,6272.191696
-2.113165,14,6274.555322
-2.934997,16,6277.284817
-18.743453,50,6285.749807
-1.991596,22,6289.52263
-0.884716,8,6290.869819
-12.068792,50,6299.36637
-3.336647,23,6303.219155
-9.63385,50,6311.732424
-0.629547,6,6312.762566
-6.617623,50,6321.237942
-8.853986,50,6329.710072
-0.896284,7,6330.895148
-13.095019,50,6339.399921
-16.69608,50,6347.934344
-10.823009,50,6356.362124
-9.483273,43,6363.868685
-8.00684,50,6372.304307
-4.399893,50,6380.763117
-4.240247,50,6389.168643
-0.039459,1,6389.338798
-4.355526,50,6397.79824
-10.073229,50,6406.242908
-0.028739,1,6406.415136
-4.141289,50,6414.818597
-10.30324,50,6423.304717
-0.047575,1,6423.472828
-0.509504,7,6424.656445
-6.212827,50,6433.134149
-6.499437,50,6441.628174
-1.030001,11,6443.483
-1.074313,10,6445.162219
-1.307533,10,6446.847198
-5.948589,50,6455.337875
-3.181528,50,6463.80372
-2.361951,15,6466.315185
-6.53823,50,6474.763666
-0.036373,1,6474.937421
-8.395246,50,6483.443088
-2.633965,50,6492.143856
-7.256358,50,6500.799636
-8.401052,50,6509.34129
-6.82187,50,6517.812652
-0.041062,1,6517.985484
-11.748122,50,6526.437233
-4.493098,36,6532.539744
-6.921289,50,6540.987854
-12.71416,50,6549.505513
-5.722963,50,6557.930388
-14.48815,50,6566.424644
-3.990869,50,6574.895324
-2.050082,12,6576.910941
-4.061648,35,6582.868695
-13.509869,50,6591.348836
-8.025324,50,6599.956855
-4.994356,50,6608.46568
-4.147014,50,6616.951058
-0.433553,7,6618.136888
-8.111425,50,6626.873123
-11.348412,50,6635.429546
-6.002646,50,6643.87577
-0.472819,7,6645.056139
-14.088336,50,6653.542891
-10.680615,50,6662.061836
-7.343944,50,6670.52761
-4.075931,50,6679.040876
-12.377897,50,6687.503869
-0.351743,6,6688.55538
-6.721178,50,6697.049666
-3.872222,50,6705.532084
-0.860363,11,6707.417744
-9.465252,50,6715.873954
-0.04236,1,6716.053396
-5.494668,38,6722.480821
-2.801917,50,6730.9533
-4.496463,50,6739.642479
-0.802013,10,6741.255608
-4.29885,50,6749.756378
-7.403694,50,6758.220973
-1.800399,16,6760.940091
-26.059099,50,6769.460705
-15.472199,50,6777.890768
-2.413594,38,6784.37117
-2.347349,19,6787.579728
-7.023617,50,6796.086072
-1.282439,18,6799.138541
-4.374959,50,6807.614157
-0.472738,6,6808.651492
-0.030986,1,6808.819546
-0.563345,8,6810.18076
-15.767079,50,6818.794474
-4.37251,50,6827.257779
-0.733573,10,6828.939093
-12.794672,50,6837.435838
-9.741048,50,6845.883482
-3.188399,50,6854.338866
-5.815774,50,6862.863774
-2.113894,11,6864.730047
-0.597724,7,6865.934951
-3.325202,14,6868.308869
-3.227833,50,6876.81067
-6.209079,50,6885.421658
-11.869367,50,6893.880953
-10.048613,50,6902.399465
-17.768487,50,6910.869386
-0.523756,7,6912.093392
-1.533082,11,6913.954163
-9.017953,50,6922.372415
-13.966834,50,6930.906481
-0.89913,7,6932.113791
-6.78596,50,6940.746127
-6.444969,50,6949.199013
-1.361884,10,6950.884767
-1.992219,12,6952.932526
-1.835209,15,6955.487319
-0.297766,5,6956.334705
-9.269666,50,6964.859656
-11.830471,50,6973.356134
-4.779453,50,6981.810997
-0.710194,12,6983.847062
-2.966953,27,6988.410688
-4.743023,50,6996.864709
-1.41535,11,6998.725229
-0.040368,1,6998.902856
-10.466708,50,7007.37822
-19.213223,50,7015.902491
-0.490154,8,7017.25248
-0.399943,7,7018.461084
-10.480382,50,7026.992533
-0.030616,1,7027.169117
-4.752726,50,7035.694997
-1.45106,14,7038.074164
-17.21016,50,7046.89161
-5.507769,50,7055.318649
-6.315294,50,7063.902435
-10.795627,50,7072.303443
-14.743724,50,7080.770521
-0.477968,7,7081.965772
-3.3377,19,7085.194548
-1.966868,12,7087.216934
-3.526145,18,7090.258617
-0.036216,1,7090.423922
-19.296619,50,7098.931771
-1.331205,10,7100.619971
-1.853025,25,7104.849801
-11.844265,50,7113.262165
-1.798091,16,7115.965615
-1.01037,10,7117.666547
-7.084924,50,7126.128968
-0.028139,1,7126.304131
-6.893101,50,7134.771817
-1.729957,31,7140.033433
-1.567142,13,7142.251144
-0.042319,1,7142.417086
-5.311369,50,7150.899161
-1.147203,16,7153.632746
-3.493181,50,7162.126596
-0.419725,7,7163.309079
-0.728222,7,7164.49336
-3.288049,26,7168.886152
-1.051827,10,7170.584429
-7.644378,50,7179.155979
-1.385469,11,7181.020003
-7.960339,50,7189.733784
-1.057366,10,7191.408918
-4.467542,50,7199.941045
-3.540357,32,7205.300663
-1.255621,12,7207.325713
-0.797243,9,7208.846522
-13.549363,50,7217.391554
-1.377237,11,7219.276412
-9.018334,44,7226.685524
-1.973333,12,7228.727518
-0.043168,1,7228.900265
-23.645919,50,7237.38593
-1.654048,11,7239.32017
-6.49646,50,7247.844989
-0.505221,8,7249.189411
-19.022914,50,7257.622602
-3.954648,50,7266.14031
-5.504756,22,7269.856552
-8.619049,50,7278.367513
-0.866997,10,7280.05291
-1.177784,14,7282.440218
-7.958409,50,7290.938875
-6.513308,50,7299.480594
-1.851147,13,7301.697397
-3.432748,50,7310.208533
-7.059871,50,7318.71169
-12.221429,50,7327.452844
-11.344644,50,7335.932302
-0.891057,15,7338.466597
-1.174344,10,7340.160027
-0.505982,7,7341.342144
-1.553185,30,7346.436541
-0.4331,6,7347.453771
-0.444561,6,7348.471414
-3.414373,50,7356.915533
-6.614433,50,7365.329556
-9.16516,50,7373.753939
-4.868402,50,7382.2337
-6.509212,50,7390.696235
-7.064782,50,7399.177435
-8.427527,50,7407.643623
-4.056013,50,7416.070631
-14.312011,50,7424.525856
-0.024202,1,7424.693741
-0.020124,1,7424.85882
-6.735979,50,7433.338235
-4.114579,50,7441.767059
-10.069556,50,7450.23863
-26.294147,50,7458.717661
-0.723926,8,7460.06756
-1.028147,8,7461.55833
-1.457664,10,7463.382285
-11.558312,50,7471.823943
-9.784477,50,7480.330756
-1.052709,8,7481.685547
-3.695609,50,7490.147518
-5.976724,50,7498.622754
-0.036815,1,7498.798148
-13.277288,50,7507.266734
-0.458838,9,7508.762306
-7.494052,50,7517.228173
-5.523628,50,7525.635265
-3.974849,50,7534.10381
-0.658847,8,7535.429215
-0.030235,1,7535.594532
-1.232308,9,7537.117905
-0.910023,8,7538.480163
-5.348779,50,7546.927798
-8.411215,50,7555.353031
-0.858546,9,7556.900109
-1.469046,9,7558.434267
-5.253658,50,7566.938201
-0.905099,10,7568.643486
-1.456679,9,7570.185299
-7.725963,50,7578.655722
-2.629889,22,7582.350827
-2.080464,14,7584.730173
-14.15262,50,7593.192359
-1.060627,11,7595.059521
-2.987073,27,7599.628569
-0.563207,11,7601.493241
-0.606671,7,7602.907749
-1.243008,9,7604.438121
-2.12187,20,7607.838406
-9.204493,50,7616.335849
-5.045298,50,7624.789272
-5.025773,29,7629.697523
-1.904262,24,7633.749503
-2.773784,27,7638.319517
-7.33883,50,7646.78589
-0.37122,5,7647.624724
-2.112249,32,7653.079504
-8.406242,50,7661.568753
-5.269027,50,7670.011893
-4.832079,50,7678.55395
-6.532349,50,7686.988247
-1.381961,10,7688.688289
-1.55643,11,7690.574244
-8.812132,50,7699.134802
-1.908224,17,7702.004976
-12.937772,50,7710.507451
-14.191276,50,7718.986632
-0.576934,6,7719.984099
-3.270292,50,7728.42974
-4.091318,50,7736.927985
-6.459014,50,7745.63188
-14.746265,50,7754.085697
-0.826603,7,7755.266889
-8.880633,50,7763.764984
-1.700351,23,7767.632985
-17.206145,50,7776.121625
-1.848933,13,7778.341548
-22.602694,50,7786.905939
-0.654505,7,7788.05556
-6.752181,50,7796.458651
-0.594464,9,7797.95899
-1.157641,11,7799.812255
-2.447264,18,7802.840466
-9.882847,50,7811.406894
-7.743404,50,7819.910851
-5.018237,50,7828.368571
-0.047118,1,7828.542229
-4.887403,50,7837.060227
-0.029218,1,7837.233503
-5.820638,50,7845.654086
-6.779267,50,7854.132103
-0.045599,1,7854.302244
-1.130559,9,7855.84084
-2.210035,13,7858.169243
-5.660521,50,7866.671914
-10.134562,50,7875.133177
-8.832743,50,7883.625863
-0.61951,6,7884.64305
-7.475162,50,7893.368817
-8.545793,50,7901.875872
-0.035829,1,7902.042148
-0.030478,1,7902.212238
-2.454859,19,7905.422194
-17.360251,50,7913.866979
-12.580331,50,7922.329486
-1.019003,10,7924.001752
-0.444107,7,7925.193671
-6.682588,50,7933.694864
-1.133573,9,7935.251444
-3.192712,50,7943.767362
-4.37378,50,7952.236135
-0.494794,7,7953.425701
-0.385613,7,7954.613113
-0.317916,5,7955.527177
-0.048436,1,7955.695854
-0.473536,6,7956.69747
-0.860853,7,7957.865041
-1.950004,13,7960.080418
-1.434966,10,7961.785268
-0.882824,8,7963.149503
-9.493983,50,7971.622477
-3.673458,39,7978.278744
-0.326537,6,7979.287416
-6.053971,50,7987.76318
-9.007613,50,7996.314785
-0.402787,7,7997.50486
-6.747535,31,8002.712775
-0.041316,1,8002.886364
-9.485567,50,8011.337927
-13.418358,50,8019.879395
-1.216977,10,8021.576366
-5.554742,50,8030.265808
-7.198109,50,8038.695822
-11.582765,50,8047.176214
-13.23107,50,8055.636246
-13.591644,50,8064.111909
-4.417912,38,8070.497552
-1.778964,26,8074.891853
-17.021721,50,8083.355047
-2.305029,22,8087.079795
-2.106087,22,8090.768965
-2.87607,16,8093.445492
-0.012217,1,8093.605584
-5.849092,50,8102.092375
-15.10469,50,8110.494926
-1.47002,12,8112.527547
-0.027092,1,8112.691017
-8.641291,50,8121.210713
-0.632038,7,8122.395352
-6.388572,50,8130.78662
-1.8672,16,8133.472745
-2.438391,17,8136.320635
-0.783036,7,8137.512803
-0.802293,10,8139.242809
-5.993182,50,8147.73112
-7.114776,50,8156.20497
-1.299986,9,8157.717935
-0.719427,11,8159.639892
-3.230487,50,8168.146523
-5.574326,50,8176.932804
-0.606518,8,8178.290552
-0.035373,1,8178.460376
-3.880199,26,8182.864462
-0.711607,8,8184.228135
-0.442472,6,8185.23131
-6.197508,50,8193.707988
-2.388939,12,8195.753985
-1.347306,13,8197.928329
-2.879608,50,8206.32632
-8.084062,50,8214.747578
-5.560391,50,8223.227207
-1.638219,9,8224.746819
-4.79011,50,8233.236825
-1.806531,11,8235.092748
-1.908605,11,8236.963829
-1.319204,16,8239.678059
-0.95137,9,8241.217642
-15.531381,50,8249.682115
-4.451875,50,8258.147181
-1.476257,12,8260.166484
-0.941906,14,8262.545716
-2.473934,31,8267.787889
-1.216244,21,8271.347439
-7.317314,50,8279.796877
-1.81761,10,8281.483165
-5.855092,50,8289.902888
-1.329233,9,8291.447915
-0.7464,7,8292.659528
-6.353049,50,8301.14575
-0.032757,1,8301.31374
-0.892496,10,8303.04116
-1.11385,9,8304.558393
-0.680148,6,8305.570929
-0.728177,9,8307.088147
-3.758599,50,8315.561192
-0.592304,6,8316.586232
-8.414951,50,8325.333502
-12.718793,50,8333.794973
-4.15841,24,8337.81415
-2.055053,12,8339.877577
-1.419162,18,8342.939286
-4.163383,50,8351.461784
-1.431495,11,8353.314858
-4.666588,50,8361.807327
-6.511267,50,8370.234458
-9.023656,50,8378.706381
-10.238401,50,8387.138331
-1.81275,16,8389.877401
-1.859821,16,8392.578508
-11.282127,50,8401.085904
-8.127958,50,8409.508659
-8.328066,50,8417.923151
-11.660173,50,8426.413567
-0.870506,8,8427.759657
-4.704503,50,8436.246126
-9.735647,50,8444.718886
-0.800937,8,8446.074724
-6.403098,50,8454.551941
-2.590972,14,8456.921151
-0.302705,5,8457.769796
-8.539467,50,8466.196147
-2.995263,50,8474.851201
-3.636543,50,8483.304236
-0.023823,1,8483.470387
-1.052882,13,8485.698848
-0.716804,8,8487.057064
-0.333109,6,8488.060532
-26.975382,50,8496.520347
-2.019511,12,8498.56881
-9.639274,50,8507.220396
-27.887403,50,8515.891375
-1.160478,9,8517.406625
-0.045059,1,8517.569853
-1.227263,11,8519.434146
-4.097434,32,8524.817929
-0.986497,9,8526.322794
-1.382923,9,8527.865547
-1.511286,15,8530.411768
-0.028356,1,8530.583179
-5.750967,50,8539.087749
-0.884035,13,8541.283293
-6.891309,36,8547.358309
-3.635556,50,8555.797454
-2.490613,19,8559.035366
-9.834334,50,8567.524405
-9.139437,50,8576.510756
-4.793356,50,8585.315373
-12.093614,50,8593.968043
-0.357103,7,8595.207841
-2.613759,50,8605.378289
-0.030137,1,8605.590147
-5.02998,50,8615.886751
-2.350879,24,8620.798704
-1.225567,10,8622.848785
-1.110338,8,8624.486604
-4.719354,50,8634.860657
-1.779985,16,8638.240936
-0.012882,1,8638.443079
-6.035553,50,8648.706905
-0.959229,14,8651.403043
-2.337703,14,8654.285919
-1.252648,16,8657.537217
-0.76851,7,8658.986538
-7.131444,50,8669.398954
-0.69754,8,8671.041473
-10.385306,50,8681.385455
-4.23063,50,8691.800147
-0.034414,1,8692.004102
-9.425078,50,8702.350998
-1.879356,11,8704.613211
-0.70343,8,8706.276701
-7.25769,50,8715.564544
-0.673545,8,8716.933462
-0.393366,5,8717.814033
-13.832586,50,8726.855587
-14.686717,50,8735.706171
-12.847878,50,8744.549366
-1.531632,12,8746.633255
-0.837085,6,8747.679768
-1.131428,12,8749.781258
-1.335132,13,8752.043545
-8.637833,50,8760.781237
-1.245442,10,8762.535503
-7.454577,50,8771.285952
-11.32741,50,8780.077506
-0.924537,7,8781.309354
-0.048836,1,8781.482082
-0.75037,9,8783.090975
-1.582498,17,8786.068102
-3.296132,46,8794.110991
-1.231615,11,8796.036677
-0.401648,7,8797.226246
-2.467109,14,8799.703681
-0.460132,7,8800.927336
-6.612043,50,8809.674547
-1.925359,16,8812.471978
-3.012677,18,8815.618139
-0.038978,1,8815.790555
-7.112893,50,8824.588075
-0.552454,8,8825.997696
-2.051339,14,8828.454754
-0.829261,12,8830.543216
-0.879304,7,8831.732612
-0.555134,6,8832.787112
-3.25436,29,8837.956982
-2.155977,12,8840.082729
-2.49544,13,8842.388368
-5.13074,37,8848.910903
-4.229287,28,8853.789756
-2.785281,16,8856.592153
-1.035153,18,8859.713172
-2.031611,17,8862.673077
-4.412289,50,8871.451149
-0.523967,7,8872.688018
-3.051573,21,8876.383443
-0.035772,1,8876.566836
-3.304244,15,8879.17887
-3.009199,50,8887.923018
-4.282876,50,8896.600245
-6.636143,50,8905.38146
-2.050246,14,8907.828548
-0.01722,1,8908.008262
-3.508528,50,8916.763469
-0.225815,4,8917.467744
-1.628106,16,8920.481486
-6.092319,50,8929.314571
-4.10186,36,8935.658706
-2.2371,13,8938.789333
-9.245133,50,8970.052163
